%YAML:1.0
---
opencv_lbphfaces:
   threshold: 50.
   radius: 2
   neighbors: 2
   grid_x: 7
   grid_y: 7
   histograms:
      - !!opencv-matrix
         rows: 1
         cols: 196
         dt: f
         data: [ 8.11594203e-02, 6.26086950e-01, 1.28985509e-01,
             1.63768128e-01, 1.71014503e-01, 2.92753637e-01,
             1.95652187e-01, 3.40579718e-01, 1.15942031e-01,
             5.57971060e-01, 9.85507295e-02, 2.27536246e-01,
             2.00000003e-01, 2.21739143e-01, 2.40579724e-01,
             3.37681174e-01, 1.24637686e-01, 1.50724649e-01,
             4.65217412e-01, 2.59420305e-01, 1.73913047e-01,
             2.86956519e-01, 2.42028996e-01, 2.97101468e-01,
             6.66666701e-02, 3.08695674e-01, 4.69565243e-01,
             1.55072466e-01, 1.17391311e-01, 4.62318867e-01,
             2.00000003e-01, 2.20289856e-01, 1.01449281e-01,
             3.50724638e-01, 2.71014512e-01, 2.76811600e-01,
             1.30434781e-01, 3.40579718e-01, 2.56521761e-01,
             2.72463769e-01, 1.18840583e-01, 4.62318867e-01,
             1.73913047e-01, 2.44927540e-01, 1.17391311e-01,
             1.53623194e-01, 4.63768125e-01, 2.65217394e-01,
             1.49275362e-01, 4.28985536e-01, 1.47826090e-01,
             2.73913056e-01, 1.53623194e-01, 2.50724643e-01,
             3.86956543e-01, 2.08695665e-01, 1.56521738e-01,
             2.73913056e-01, 3.11594218e-01, 2.57971019e-01,
             1.42028987e-01, 2.59420305e-01, 2.91304350e-01,
             3.07246387e-01, 1.78260878e-01, 2.75362343e-01,
             2.65217394e-01, 2.81159431e-01, 1.05797105e-01,
             5.42029023e-01, 1.60869569e-01, 1.91304356e-01,
             1.11594208e-01, 1.86956525e-01, 4.57971036e-01,
             2.43478268e-01, 1.62318841e-01, 3.33333343e-01,
             2.10144937e-01, 2.94202894e-01, 1.05797105e-01,
             5.11594236e-01, 1.86956525e-01, 1.95652187e-01,
             1.63768128e-01, 4.91304368e-01, 5.94202913e-02,
             2.85507262e-01, 1.63768128e-01, 3.36231887e-01,
             1.69565231e-01, 3.30434799e-01, 1.10144928e-01,
             2.21739143e-01, 4.57971036e-01, 2.10144937e-01,
             1.15942031e-01, 5.52173913e-01, 1.42028987e-01,
             1.89855084e-01, 1.30434781e-01, 3.73913050e-01,
             2.27536246e-01, 2.68115938e-01, 1.63768128e-01,
             2.46376827e-01, 2.11594209e-01, 3.78260881e-01,
             1.47826090e-01, 3.43478262e-01, 2.07246378e-01,
             3.01449299e-01, 1.21739134e-01, 6.42028987e-01,
             2.46376824e-02, 2.11594209e-01, 1.23188414e-01,
             4.78260875e-01, 7.39130452e-02, 3.24637681e-01,
             1.31884068e-01, 1.13043480e-01, 5.07246375e-01,
             2.47826099e-01, 1.27536237e-01, 4.69565243e-01,
             2.04347834e-01, 1.98550731e-01, 1.08695656e-01,
             5.36231875e-01, 9.71014500e-02, 2.57971019e-01,
             1.84057981e-01, 2.30434790e-01, 2.39130437e-01,
             3.46376836e-01, 1.46376818e-01, 4.10144955e-01,
             1.71014503e-01, 2.72463769e-01, 1.30434781e-01,
             6.30434811e-01, 3.76811624e-02, 2.01449275e-01,
             1.42028987e-01, 3.85507256e-01, 1.40579715e-01,
             3.31884056e-01, 9.13043544e-02, 1.62318841e-01,
             5.05797148e-01, 2.40579724e-01, 1.24637686e-01,
             4.75362331e-01, 1.73913047e-01, 2.26086959e-01,
             1.26086965e-01, 4.94202912e-01, 1.26086965e-01,
             2.53623188e-01, 1.89855084e-01, 3.15942049e-01,
             2.07246378e-01, 2.86956519e-01, 9.42028984e-02,
             4.30434793e-01, 2.84057975e-01, 1.91304356e-01,
             1.28985509e-01, 4.71014500e-01, 1.73913047e-01,
             2.26086959e-01, 1.62318841e-01, 3.98550749e-01,
             9.27536264e-02, 3.46376836e-01, 1.44927546e-01,
             4.33333337e-01, 1.10144928e-01, 3.11594218e-01,
             1.43478259e-01, 4.52173918e-01, 1.10144928e-01,
             2.94202894e-01, 1.59420297e-01, 2.53623188e-01,
             2.39130437e-01, 3.47826093e-01, 1.37681171e-01,
             8.98550749e-02, 5.02898574e-01, 2.69565225e-01,
             7.24637732e-02, 7.84057975e-01, 2.02898551e-02,
             1.23188414e-01 ]
      - !!opencv-matrix
         rows: 1
         cols: 196
         dt: f
         data: [ 8.26086998e-02, 7.31884062e-01, 3.62318866e-02,
             1.49275362e-01, 1.53623194e-01, 3.14492762e-01,
             1.95652187e-01, 3.36231887e-01, 1.82608709e-01,
             4.52173918e-01, 8.55072513e-02, 2.79710144e-01,
             1.94202900e-01, 2.37681165e-01, 1.84057981e-01,
             3.84057999e-01, 1.69565231e-01, 1.28985509e-01,
             4.10144955e-01, 2.91304350e-01, 1.44927546e-01,
             2.33333334e-01, 2.98550725e-01, 3.23188424e-01,
             8.69565234e-02, 1.88405797e-01, 5.53623199e-01,
             1.71014503e-01, 1.04347833e-01, 5.52173913e-01,
             1.88405797e-01, 1.55072466e-01, 1.42028987e-01,
             3.37681174e-01, 2.30434790e-01, 2.89855093e-01,
             1.18840583e-01, 3.75362337e-01, 2.37681165e-01,
             2.68115938e-01, 1.34782612e-01, 5.17391324e-01,
             1.47826090e-01, 2.00000003e-01, 7.82608688e-02,
             1.27536237e-01, 5.91304362e-01, 2.02898562e-01,
             1.10144928e-01, 4.53623205e-01, 1.42028987e-01,
             2.94202894e-01, 1.02898553e-01, 2.79710144e-01,
             4.24637705e-01, 1.92753628e-01, 1.43478259e-01,
             3.50724638e-01, 3.02898556e-01, 2.02898562e-01,
             1.53623194e-01, 2.10144937e-01, 3.28985512e-01,
             3.07246387e-01, 1.71014503e-01, 4.02898550e-01,
             1.94202900e-01, 2.31884062e-01, 1.00000001e-01,
             5.73913038e-01, 1.18840583e-01, 2.07246378e-01,
             1.33333340e-01, 9.42028984e-02, 5.28985500e-01,
             2.43478268e-01, 1.43478259e-01, 3.40579718e-01,
             2.53623188e-01, 2.62318850e-01, 1.07246384e-01,
             4.66666669e-01, 2.52173930e-01, 1.73913047e-01,
             1.28985509e-01, 5.79710186e-01, 4.34782617e-02,
             2.47826099e-01, 1.73913047e-01, 2.53623188e-01,
             1.79710150e-01, 3.92753631e-01, 1.40579715e-01,
             1.84057981e-01, 4.23188418e-01, 2.52173930e-01,
             1.28985509e-01, 5.39130449e-01, 1.05797105e-01,
             2.26086959e-01, 1.46376818e-01, 3.23188424e-01,
             2.36231893e-01, 2.94202894e-01, 2.00000003e-01,
             2.17391312e-01, 2.13043481e-01, 3.69565219e-01,
             1.49275362e-01, 2.71014512e-01, 2.56521761e-01,
             3.23188424e-01, 8.11594203e-02, 5.94202936e-01,
             9.56521779e-02, 2.28985518e-01, 1.55072466e-01,
             5.18840611e-01, 4.92753647e-02, 2.76811600e-01,
             1.07246384e-01, 1.02898553e-01, 5.75362325e-01,
             2.14492768e-01, 9.42028984e-02, 5.59420288e-01,
             1.57971025e-01, 1.88405797e-01, 8.40579718e-02,
             4.73913074e-01, 1.98550731e-01, 2.43478268e-01,
             1.60869569e-01, 3.08695674e-01, 2.17391312e-01,
             3.13043475e-01, 1.46376818e-01, 3.34782630e-01,
             2.20289856e-01, 2.98550725e-01, 1.11594208e-01,
             3.75362337e-01, 2.82608718e-01, 2.30434790e-01,
             1.73913047e-01, 4.15942043e-01, 9.56521779e-02,
             3.14492762e-01, 1.21739134e-01, 1.18840583e-01,
             5.17391324e-01, 2.42028996e-01, 1.36231884e-01,
             3.84057999e-01, 1.71014503e-01, 3.08695674e-01,
             1.42028987e-01, 4.89855081e-01, 1.05797105e-01,
             2.62318850e-01, 1.71014503e-01, 4.02898550e-01,
             1.27536237e-01, 2.98550725e-01, 9.85507295e-02,
             4.14492756e-01, 3.11594218e-01, 1.75362319e-01,
             6.81159422e-02, 3.68115962e-01, 4.01449293e-01,
             1.62318841e-01, 1.52173921e-01, 4.65217412e-01,
             9.13043544e-02, 2.91304350e-01, 1.66666672e-01,
             2.24637687e-01, 2.62318850e-01, 3.46376836e-01,
             1.50724649e-01, 4.37681168e-01, 1.10144928e-01,
